Sep 22 04:02:09,0,255,Right now 1 clients are connected.
Sep 22 04:13:29,0,255,Right now 0 clients are connected.
Sep 22 04:15:47,0,255,Right now 1 clients are connected.
Sep 22 04:21:01,0,255,Right now 0 clients are connected.
Sep 22 04:23:17,0,255,Right now 1 clients are connected.
Sep 22 04:35:45,0,255,Right now 0 clients are connected.
Sep 22 04:37:36,0,255,Right now 1 clients are connected.
Sep 22 04:46:54,0,255,Right now 0 clients are connected.
Sep 22 13:52:07,0,255,Right now 1 clients are connected.
Sep 22 13:53:27,0,255,Right now 0 clients are connected.
Sep 22 19:38:17,0,255,Right now 1 clients are connected.
Sep 22 19:39:09,0,255,Right now 0 clients are connected.
