Oct 30 00:23:40,0,255,Right now 1 clients are connected.
Oct 30 00:39:12,0,255,Right now 0 clients are connected.
Oct 30 02:40:00,0,255,Right now 1 clients are connected.
Oct 30 02:48:27,0,255,Right now 0 clients are connected.
Oct 30 03:49:44,0,255,Right now 1 clients are connected.
Oct 30 03:56:20,0,255,Right now 2 clients are connected.
Oct 30 03:59:46,0,255,Right now 1 clients are connected.
Oct 30 04:09:41,0,255,Right now 2 clients are connected.
Oct 30 04:12:55,0,255,Right now 3 clients are connected.
Oct 30 04:23:38,0,255,Right now 2 clients are connected.
Oct 30 04:26:26,0,255,Right now 1 clients are connected.
Oct 30 04:45:42,0,255,Right now 0 clients are connected.
Oct 30 04:46:38,0,255,Right now 1 clients are connected.
Oct 30 04:49:39,0,255,Right now 0 clients are connected.
Oct 30 05:15:43,0,255,Right now 1 clients are connected.
Oct 30 05:54:02,0,255,Right now 0 clients are connected.
Oct 30 05:54:47,0,255,Right now 1 clients are connected.
Oct 30 06:11:39,0,255,Right now 0 clients are connected.
Oct 30 11:23:22,0,255,Right now 1 clients are connected.
Oct 30 11:53:03,0,255,Right now 0 clients are connected.
Oct 30 13:50:03,0,255,Right now 1 clients are connected.
Oct 30 14:13:02,0,255,Right now 0 clients are connected.
Oct 30 14:52:28,0,255,Right now 1 clients are connected.
Oct 30 14:57:48,0,255,Right now 0 clients are connected.
Oct 30 14:58:11,0,255,Right now 1 clients are connected.
Oct 30 15:02:09,0,255,Right now 0 clients are connected.
Oct 30 15:35:42,0,255,Right now 1 clients are connected.
Oct 30 15:38:44,0,255,Right now 0 clients are connected.
Oct 30 15:41:35,0,255,Right now 1 clients are connected.
Oct 30 15:43:24,0,255,Right now 0 clients are connected.
Oct 30 17:26:45,0,255,Right now 1 clients are connected.
Oct 30 17:57:04,0,255,Right now 0 clients are connected.
Oct 30 20:43:55,0,255,Right now 1 clients are connected.
Oct 30 20:48:42,0,255,Right now 0 clients are connected.
Oct 30 20:49:03,0,255,Right now 1 clients are connected.
Oct 30 21:36:52,0,255,Right now 0 clients are connected.
Oct 30 21:37:18,0,255,Right now 1 clients are connected.
Oct 30 23:08:13,0,255,Right now 0 clients are connected.
Oct 30 23:25:43,0,255,Right now 1 clients are connected.
Oct 30 23:56:39,0,255,Right now 0 clients are connected.
Oct 30 23:57:09,0,255,Right now 1 clients are connected.
